lambda01: 0.1789692873396747
lambda10: 0.17306549792978823
lambda4p: 0.17601739263473148
lambdaDisp: 0.17803578361439765
lambdaForce: 0.1856200598926917
